
 17.3758,78.54951 
 
 17.37577,78.54951 

 17.37573,78.54948 
 
 17.37559,78.54949 
 17.37554,78.54949 
 17.37547,78.54949 
 17.37543,78.54945 

 17.3755,78.54932 

17.3755,78.54927 

 17.37553,78.54915 

 17.37553,78.54912 

 17.37553,78.54904 
 
 17.37555,78.54892 
 
 17.37555,78.54885 
 
 17.37546,78.54889 
 
 17.37535,78.54892 
 
 17.3753,78.54902 
 
 17.3752,78.54902 
 
 17.37518,78.54906 
 
 17.37513,78.5491 
 
 17.37506,78.54912 
 
 17.37505,78.54917 
 
 17.37497,78.54922 
 
 17.37493,78.54925 
 
 17.37488,78.54929 
 
 17.37486,78.54932 
 
 17.37481,78.54935 
 
 17.37478,78.54936 
 
 17.37473,78.5494 
 
 17.37471,78.54943 
 
 17.37465,78.54948 
 
 17.37459,78.54953 
 
 17.37458,78.54954 
 
 17.37454,78.54957 
 
 17.37453,78.54957 
 
 17.3745,78.54961 
 
 17.37449,78.54964 
 
 17.37445,78.54967 
 
 17.37443,78.5497 
 
 17.3744,78.54971 
 
 17.37435,78.54974 
 
 17.37431,78.54973 
 
 17.37427,78.54974 
 
 17.37422,78.54976 
 
 17.37419,78.54977 
 
 17.37415,78.54979 
 
 17.37412,78.5498 
 
 17.37405,78.54983 
 
 17.37402,78.54983 
 
 17.37398,78.54985 
 
 17.37393,78.54986 
 
 17.37389,78.54987 
 
 17.37386,78.54988 
 
 17.37385,78.54987 
 
 17.37384,78.5498 
 
 17.37381,78.54974 
 
 17.3738,78.5497 
 
 17.37378,78.54967 
 
 17.37375,78.54958 
 
 17.37371,78.54949 
 
 17.3737,78.5494 
 
 17.37371,78.54933 
 
 17.37371,78.54931 
 
 17.3737,78.54925 
 
 17.37366,78.54922 
 
 17.37366,78.54919 
 
 17.37365,78.54907 
 
 17.37358,78.54902 
 
 17.37358,78.54896 
 
 17.37356,78.54893 
 
 17.37356,78.54885 
 
 17.37355,78.54879 
 
 17.37353,78.54874 
 
 17.37349,78.54863 
 
 17.37347,78.54859 
 
 17.37344,78.54853 
 
 17.3734,78.54847 
 
 17.37337,78.54837 
 
 17.37334,78.5483 
 
 17.37334,78.54824 
 
 17.37332,78.54816 
 
 17.37328,78.5481 
 
 17.37323,78.54802 
 
 17.37322,78.5479 
 
 17.37321,78.54797 
 
 17.37322,78.54787 
 
 17.3732,78.54783 
 
 17.37317,78.54778 
 
 17.37316,78.54774 
 
 17.37315,78.54768 
 
 17.37311,78.54763 
 
 17.37311,78.54757 
 
 17.37309,78.54749 
 
 17.37306,78.54744 
 
 17.37303,78.54739 
 
 17.37303,78.54733 
 
 17.37302,78.54728 
 
 17.373,78.54724 
 
 17.373,78.54719 
 
 17.373,78.54714 
 
 17.37299,78.5471 
 
 17.37295,78.54702 
 
 17.37294,78.54695 
 
 17.3729,78.54684 
 
 17.37286,78.5468 
 
 17.37284,78.54677 
 
 17.37282,78.54674 
 
 17.3728,78.54671 
 
 17.37277,78.54666 
 
 17.37275,78.54663 
 
 17.37273,78.54657 
 
 17.37271,78.5465 
 
 17.37269,78.54645 
 
 17.37267,78.54642 
 
 17.37267,78.54638 
 
 17.37266,78.54631 
 
 17.37263,78.54618 
 
 17.37263,78.54615 
 
 17.37261,78.54612 
 
 17.37259,78.54608 
 
 17.37259,78.54605 
 
 17.37259,78.54603 
 
 17.37258,78.546 
 
 17.37257,78.54596 
 
 17.37257,78.54591 
 
 17.37256,78.54588 
 
 17.37256,78.54584 
 
 17.37255,78.54581 
 
 17.37254,78.54576 
 
 17.37254,78.54569 
 
 17.37254,78.54564 
 
 17.37254,78.54561 
 
 17.37253,78.54558 
 
 17.37253,78.54554 
 
 17.37252,78.5455 
 
 17.37251,78.54545 
 
 17.37251,78.54542 
 
 17.37251,78.54537 
 
 17.3725,78.5453 
 
 17.3725,78.54525 
 
 17.3725,78.54521 
 
 17.37249,78.54518 
 
 17.37248,78.54512 
 
 17.37247,78.54504 
 
 17.37248,78.54497 
 
 17.37246,78.54495 
 
 17.37244,78.54489 
 
 17.37244,78.54483 
 
 17.37244,78.54477 
 
 17.37244,78.54468 
 
 17.37243,78.54466 
 
 17.37243,78.54462 
 
 17.37242,78.54457 
 
 17.37242,78.54454 
 
 17.37241,78.54448 
 
 17.37239,78.54444 
 
 17.37238,78.54438 
 
 17.37239,78.5443 
 
 17.37238,78.54424 
 
 17.37237,78.5442 
 
 17.37237,78.54415 
 
 17.37238,78.54411 
 
 17.37237,78.54404 
 
 17.37236,78.54398 
 
 17.37234,78.54392 
 
 17.37232,78.54386 
 
 17.3723,78.54379 
 
 17.37225,78.54363 
 
 17.37222,78.54356 
 
 17.37221,78.54355 
 
 17.3722,78.54352 
 
 17.37219,78.54348 
 
 17.37217,78.54344 
 
 17.37214,78.54341 
 
 17.37213,78.54337 
 
 17.37212,78.54334 
 
 17.3721,78.54329 
 
 17.37209,78.54326 
 
 17.37208,78.54323 
 
 17.37207,78.5432 
 
 17.37205,78.54315 
 
 17.37204,78.5431 
 
 17.37202,78.54308 
 
 17.372,78.54303 
 
 17.37199,78.54298 
 
 17.37198,78.54293 
 
 17.37195,78.54289 
 
 17.37193,78.54285 
 
 17.37191,78.54281 
 
 17.3719,78.54276 
 
 17.37188,78.54272 
 
 17.37185,78.54266 
 
 17.37184,78.54262 
 
 17.37182,78.54257 
 
 17.37178,78.54253 
 
 17.37177,78.54249 
 
 17.37175,78.54243 
 
 17.37173,78.54237 
 
 17.3717,78.54234 
 
 17.37168,78.5423 
 
 17.37167,78.54227 
 
 17.37166,78.5422 
 
 17.37164,78.54219 
 
 17.37162,78.54214 
 
 17.37161,78.5421 
 
 17.37158,78.54202 
 
 17.37157,78.542 
 
 17.37152,78.54196 
 
 17.3715,78.54195 
 
 17.37149,78.54192 
 
 17.37147,78.5419 
 
 17.37144,78.54186 
 
 17.37143,78.54185 
 
 17.3714,78.5418 
 
 17.37138,78.54176 
 
 17.37137,78.54173 
 
 17.37136,78.5417 
 
 17.37134,78.54165 
 
 17.37131,78.54162 
 
 17.3713,78.54159 
 
 17.37128,78.54154 
 
 17.37126,78.5415 
 
 17.37125,78.54147 
 
 17.37123,78.54142 
 
 17.37121,78.54138 
 
 17.3712,78.54135 
 
 17.37116,78.54133 
 
 17.37114,78.54128 
 
 17.37114,78.54125 
 
 17.37111,78.54122 
 
 17.37109,78.54119 
 
 17.37108,78.54116 
 
 17.37107,78.54113 
 
 17.37105,78.5411 
 
 17.37103,78.54106 
 
 17.37099,78.54101 
 
 17.37097,78.54096 
 
 17.37094,78.54091 
 
 17.37092,78.54087 
 
 17.37089,78.54083 
 
 17.37087,78.5408 
 
 17.37083,78.54073 
 
 17.37081,78.54067 
 
 17.37076,78.54062 
 
 17.37074,78.54061 
 
 17.37072,78.54059 
 
 17.3707,78.54055 
 
 17.37068,78.5405 
 
 17.37066,78.54047 
 
 17.37063,78.54043 
 
 17.37062,78.54039 
 
 17.3706,78.54036 
 
 17.37057,78.5403 
 
 17.37055,78.54024 
 
 17.3705,78.5402 
 
 17.37049,78.54017 
 
 17.37046,78.54012 
 
 17.37042,78.54007 
 
 17.37039,78.54002 
 
 17.37036,78.53999 
 
 17.37035,78.53997 
 
 17.37032,78.53995 
 
 17.37029,78.53993 
 
 17.37027,78.53989 
 
 17.37023,78.53986 
 
 17.37021,78.53984 
 
 17.37018,78.53981 
 
 17.37013,78.53977 
 
 17.3701,78.53975 
 
 17.37007,78.53972 
 
 17.37004,78.53969 
 
 17.37002,78.53966 
 
 17.36998,78.53962 
 
 17.36993,78.53956 
 
 17.36989,78.53953 
 
 17.36984,78.53947 
 
 17.3698,78.53941 
 
 17.36974,78.53937 
 
 17.36968,78.53932 
 
 17.36964,78.53929 
 
 17.3696,78.53926 
 
 17.36955,78.53922 
 
 17.3695,78.5392 
 
 17.36946,78.53919 
 
 17.36944,78.53916 
 
 17.36938,78.53911 
 
 17.36936,78.5391 
 
 17.36932,78.53905 
 
 17.36931,78.53906 
 
 17.36927,78.53903 
 
 17.36924,78.53899 
 
 17.36922,78.53897 
 
 17.36918,78.53894 
 
 17.36914,78.53891 
 
 17.36911,78.53888 
 
 17.36907,78.53886 
 
 17.36902,78.53882 
 
 17.36898,78.53879 
 
 17.36894,78.53877 
 
 17.3689,78.53872 
 
 17.36883,78.53866 
 
 17.3688,78.53861 
 
 17.36875,78.53859 
 
 17.36873,78.53857 
 
 17.3687,78.53854 
 
 17.36867,78.53854 
 
 17.36862,78.53851 
 
 17.3686,78.53847 
 
 17.36855,78.53846 
 
 17.36852,78.53844 
 
 17.36848,78.53843 
 
 17.36845,78.53839 
 
 17.36838,78.53834 
 
 17.36831,78.5383 
 
 17.36825,78.53826 
 
 17.36821,78.53824 
 
 17.36817,78.53829 
 
 17.36817,78.5384 
 
 17.36814,78.53852 
 
 17.36812,78.53862 
 
 17.36811,78.53866 
 
 17.36809,78.53874 
 
 17.36808,78.53878 
 
 17.36807,78.53884 
 
 17.36805,78.53892 
 
 17.36805,78.53896 
 
 17.36803,78.53901 
 
 17.36802,78.53904 
 
 17.368,78.5391 
 
 17.36798,78.53914 
 
 17.36797,78.53918 
 
 17.36794,78.53922 
 
 17.36793,78.53926 
 
 17.3679,78.53933 
 
 17.36789,78.53938 
 
 17.36787,78.53941 
 
 17.36785,78.53945 
 
 17.36784,78.53949 
 
 17.36783,78.53953 
 
 17.36782,78.53957 
 
 17.3678,78.5396 
 
 17.36778,78.53963 
 
 17.36776,78.53967 
 
 17.36776,78.5397 
 
 17.36775,78.53972 
 
 17.36774,78.53975 
 
 17.36772,78.53978 
 
 17.36771,78.5398 
 
 17.36768,78.53983 
 
 17.36767,78.53985 
 
 17.36766,78.53989 
 
 17.36762,78.5399 
 
 17.36759,78.53987 
 
 17.36755,78.53979 
 
 17.36753,78.53975 
 
 17.36751,78.53971 
 
 17.36749,78.53967 
 
 17.3675,78.53964 
 
 17.36752,78.53959 
 
 17.36756,78.53952 
 
 17.3676,78.53944 
 
 17.36763,78.53937 
 
 17.36766,78.53933 
 
 17.36767,78.53929 
 
 17.36768,78.53926 
 
 17.3677,78.53922 
 
 17.36771,78.53917 
 
 17.36773,78.5391 
 
 17.36774,78.53904 
 
 17.36777,78.539 
 
 17.36779,78.53895 
 
 17.36782,78.53886 
 
 17.36785,78.53881 
 
 17.36787,78.53878 
 
 17.36788,78.53871 
 
 17.36791,78.53868 
 
 17.36793,78.53863 
 
 17.36794,78.53857 
 
 17.36794,78.53852 
 
 17.36798,78.53845 
 
 17.36801,78.53839 
 
 17.36801,78.53834 
 
 17.36804,78.53829 
 
 17.36805,78.5382 
 
 17.36809,78.53812 
 
 17.36809,78.53807 
 
 17.3681,78.53801 
 
 17.36811,78.53796 
 
 17.36811,78.5379 
 
 17.36813,78.53786 
 
 17.36814,78.53782 
 
 17.36814,78.53779 
 
 17.36814,78.53778 
 
 17.36814,78.53774 
 
 17.36815,78.53771 
 
 17.36817,78.53765 
 
 17.36818,78.53759 
 
 17.36821,78.5375 
 
 17.36819,78.53746 
 
 17.3682,78.53739 
 
 17.36822,78.53734 
 
 17.36822,78.53725 
 
 17.36822,78.5372 
 
 17.36822,78.53716 
 
 17.36824,78.53712 
 
 17.36824,78.53712 
 
 17.36824,78.53711 
 
 17.36824,78.53709 
 
 17.36824,78.53708 
 
 17.36824,78.53708 
 
 17.36824,78.53707 
 
 17.36824,78.53706 
 
 17.36824,78.53706 
 
 17.36824,78.53705 
 
 17.36824,78.53705 
 
 17.36824,78.53704 
 
 17.36824,78.53703 
 
 17.36824,78.53703 
 
 17.36824,78.53702 
 
 17.36824,78.53701 
 
 17.36824,78.53701 
 
 17.36824,78.537 
 
 17.36824,78.537 
 
 17.36824,78.53698 
 
 17.36824,78.53697 
 
 17.36824,78.53696 
 
 17.36824,78.53695 
 
 17.36824,78.53695 
 
 17.36824,78.53695 
 
 17.36824,78.53694 
 
 17.36824,78.53693 
 
 17.36824,78.53692 
 
 17.36824,78.53691 
 
 17.36824,78.53691 
 
 17.36824,78.5369 
 
 17.36824,78.53689 
 
 17.36824,78.53689 
 
 17.36824,78.53688 
 
 17.36824,78.53688 
 
 17.36824,78.53687 
 
 17.36824,78.53687 
 
 17.36824,78.53686 
 
 17.36824,78.53686 
 
 17.36824,78.53685 
 
 17.36824,78.53685 
 
 17.36824,78.53685 
 
 17.36824,78.53684 
 
 17.36824,78.53683 
 
 17.36824,78.53683 
 
 17.36824,78.53682 
 
 17.36824,78.53682 
 
 17.36823,78.5368 
 
 17.36821,78.53674 
 
 17.36821,78.53663 
 
 17.36822,78.53653 
 
 17.36822,78.53648 
 
 17.36822,78.53639 
 
 17.36823,78.53629 
 
 17.36825,78.53618 
 
 17.36826,78.53609 
 
 17.36826,78.53596 
 
 17.36826,78.53577 
 
 17.36823,78.53567 
 
 17.36826,78.53558 
 
 17.36825,78.53549 
 
 17.36825,78.53539 
 
 17.36825,78.53535 
 
 17.36826,78.53522 
 
 17.36826,78.53514 
 
 17.36829,78.53482 
 
 17.36829,78.53474 
 
 17.36827,78.53463 
 
 17.36827,78.53456 
 
 17.36828,78.53449 
 
 17.36828,78.53441 
 
 17.36828,78.53432 
 
 17.36829,78.53425 
 
 17.3683,78.53421 
 
 17.36829,78.53411 
 
 17.3683,78.53403 
 
 17.36831,78.53399 
 
 17.36831,78.53392 
 
 17.36832,78.53375 
 
 17.36832,78.53356 
 
 17.36832,78.53349 
 
 17.36832,78.53337 
 
 17.36833,78.53334 
 
 17.36833,78.53327 
 
 17.36833,78.53307 
 
 17.36834,78.53296 
 
 17.36833,78.5329 
 
 17.36833,78.53285 
 
 17.36835,78.53279 
 
 17.36835,78.53275 
 
 17.36835,78.53268 
 
 17.36837,78.53255 
 
 17.36835,78.53249 
 
 17.36833,78.53243 
 
 17.36833,78.53238 
 
 17.36833,78.53223 
 
 17.36835,78.53202 
 
 17.36835,78.5319 
 
 17.36836,78.53167 
 
 17.36836,78.53159 
 
 17.36835,78.53149 
 
 17.36839,78.53127 
 
 17.36838,78.53104 
 
 17.36839,78.53095 
 
 17.36838,78.53081 
 
 17.36837,78.53069 
 
 17.36838,78.53061 
 
 17.3684,78.53038 
 
 17.3684,78.53027 
 
 17.36839,78.53014 
 
 17.3684,78.52999 
 
 17.36842,78.52971 
 
 17.36845,78.52954 
 
 17.36844,78.52909 
 
 17.36843,78.52895 
 
 17.36843,78.52891 
 
 17.36843,78.52888 
 
 17.36843,78.52884 
 
 17.36843,78.52881 
 
 17.36843,78.52867 
 
 17.36842,78.52861 
 
 17.36843,78.52856 
 
 17.36845,78.52848 
 
 17.36844,78.52827 
 
 17.36845,78.52809 
 
 17.36842,78.52802 
 
 17.36843,78.52797 
 
 17.36844,78.52785 
 
 17.36843,78.52774 
 
 17.36844,78.52764 
 
 17.36844,78.52755 
 
 17.36845,78.52746 
 
 17.36846,78.52722 
 
 17.36848,78.52704 
 
 17.36845,78.52688 
 
 17.36848,78.52665 
 
 17.36847,78.52645 
 
 17.36848,78.52604 
 
 17.36845,78.52589 
 
 17.3685,78.52532 
 
 17.36849,78.52521 
 
 17.36849,78.52513 
 
 17.3685,78.52504 
 
 17.36849,78.52496 
 
 17.36848,78.52487 
 
 17.36848,78.52481 
 
 17.36849,78.52469 
 
 17.3685,78.52458 
 
 17.3685,78.52446 
 
 17.3685,78.52434 
 
 17.36853,78.52421 
 
 17.36852,78.52405 
 
 17.36852,78.5239 
 
 17.36851,78.52375 
 
 17.36852,78.52363 
 
 17.36852,78.5235 
 
 17.36856,78.52289 
 
 17.36854,78.52279 
 
 17.36855,78.5226 
 
 17.36855,78.52224 
 
 17.36856,78.52208 
 
 17.36857,78.52186 
 
 17.36858,78.52166 
 
 17.36856,78.52137 
 
 17.36855,78.52125 
 
 17.36858,78.52111 
